Epoch: 0
-----------------------------------
0.0000 0.8543 -0.1605 0.3743 
0.0000 0.2834 -0.5786 0.9209 
0.0000 0.9386 0.7523 -1.0913 
0.0000 0.5307 -0.7080 -0.3935 

0.0215 -0.1902 -0.8270 0.3244 
0.0000 0.0000 0.0000 0.0000 
0.0000 0.0000 0.0000 0.0000 
0.0000 0.0000 0.0000 0.0000 

-----------------------------------------
Epoch: 1000
-----------------------------------
0.0000 0.8557 -0.2110 0.3727 
0.0000 0.2876 -0.7178 0.8847 
0.0000 0.9390 0.3223 -1.0955 
0.0000 0.5341 -0.8360 -0.4248 

0.1361 -0.0288 -0.1023 -0.0399 
0.0000 0.0000 0.0000 0.0000 
0.0000 0.0000 0.0000 0.0000 
0.0000 0.0000 0.0000 0.0000 

-----------------------------------------
Epoch: 2000
-----------------------------------
0.0000 0.8564 -0.2039 0.3752 
0.0000 0.2890 -0.7092 0.8747 
0.0000 0.9394 0.3159 -1.1000 
0.0000 0.5354 -0.8192 -0.4271 

0.1100 -0.0033 -0.0978 -0.0387 
0.0000 0.0000 0.0000 0.0000 
0.0000 0.0000 0.0000 0.0000 
0.0000 0.0000 0.0000 0.0000 

-----------------------------------------
Epoch: 3000
-----------------------------------
0.0000 0.8561 -0.1969 0.3777 
0.0000 0.2883 -0.7004 0.8657 
0.0000 0.9392 0.3103 -1.1039 
0.0000 0.5347 -0.8021 -0.4290 

0.0863 0.0204 -0.0973 -0.0384 
0.0000 0.0000 0.0000 0.0000 
0.0000 0.0000 0.0000 0.0000 
0.0000 0.0000 0.0000 0.0000 

-----------------------------------------
Epoch: 4000
-----------------------------------
0.0000 0.8549 -0.1899 0.3802 
0.0000 0.2859 -0.6915 0.8574 
0.0000 0.9383 0.3049 -1.1071 
0.0000 0.5322 -0.7849 -0.4305 

0.0647 0.0423 -0.0969 -0.0382 
0.0000 0.0000 0.0000 0.0000 
0.0000 0.0000 0.0000 0.0000 
0.0000 0.0000 0.0000 0.0000 

-----------------------------------------
Epoch: 5000
-----------------------------------
0.0000 0.8530 -0.1831 0.3826 
0.0000 0.2822 -0.6826 0.8499 
0.0000 0.9368 0.2997 -1.1098 
0.0000 0.5281 -0.7673 -0.4318 

0.0447 0.0625 -0.0966 -0.0380 
0.0000 0.0000 0.0000 0.0000 
0.0000 0.0000 0.0000 0.0000 
0.0000 0.0000 0.0000 0.0000 

-----------------------------------------
Epoch: 6000
-----------------------------------
0.0000 0.8506 -0.1763 0.3850 
0.0000 0.2773 -0.6735 0.8431 
0.0000 0.9348 0.2945 -1.1120 
0.0000 0.5225 -0.7494 -0.4327 

0.0262 0.0812 -0.0964 -0.0377 
0.0000 0.0000 0.0000 0.0000 
0.0000 0.0000 0.0000 0.0000 
0.0000 0.0000 0.0000 0.0000 

-----------------------------------------
Epoch: 7000
-----------------------------------
0.0000 0.8478 -0.1696 0.3874 
0.0000 0.2714 -0.6643 0.8369 
0.0000 0.9322 0.2892 -1.1138 
0.0000 0.5155 -0.7312 -0.4333 

0.0090 0.0986 -0.0963 -0.0374 
0.0000 0.0000 0.0000 0.0000 
0.0000 0.0000 0.0000 0.0000 
0.0000 0.0000 0.0000 0.0000 

-----------------------------------------
Epoch: 8000
-----------------------------------
0.0000 0.8446 -0.1629 0.3897 
0.0000 0.2647 -0.6550 0.8314 
0.0000 0.9292 0.2838 -1.1152 
0.0000 0.5072 -0.7126 -0.4336 

-0.0069 0.1149 -0.0963 -0.0371 
0.0000 0.0000 0.0000 0.0000 
0.0000 0.0000 0.0000 0.0000 
0.0000 0.0000 0.0000 0.0000 

-----------------------------------------
Epoch: 9000
-----------------------------------
0.0000 0.8412 -0.1563 0.3920 
0.0000 0.2573 -0.6456 0.8264 
0.0000 0.9257 0.2782 -1.1162 
0.0000 0.4974 -0.6936 -0.4335 

-0.0218 0.1300 -0.0964 -0.0367 
0.0000 0.0000 0.0000 0.0000 
0.0000 0.0000 0.0000 0.0000 
0.0000 0.0000 0.0000 0.0000 

-----------------------------------------
Epoch: 9999
-----------------------------------
0.0000 0.8374 -0.1497 0.3943 
0.0000 0.2493 -0.6360 0.8220 
0.0000 0.9217 0.2724 -1.1169 
0.0000 0.4864 -0.6743 -0.4332 

-0.0356 0.1442 -0.0966 -0.0362 
0.0000 0.0000 0.0000 0.0000 
0.0000 0.0000 0.0000 0.0000 
0.0000 0.0000 0.0000 0.0000 

-----------------------------------------
